q.Mass=1284.2321631571403
q.MaxBreak=615468.4169437661
