Outcomes

y[0] = 0.0: PASS with 
	Mass = 1450.2132028215444
	MaxBreak = 761690.8581638042
y[1] = 0.0: PASS with 
	Mass = 1200.068624890407
	MaxBreak = 644653.1203369151
y[2] = 0.0: PASS with 
	Mass = 1288.0535344902678
	MaxBreak = 585854.8065352634
y[3] = 1.0: FAIL with 
	Mass = 1311.7561268266027
	MaxBreak = 656757.0035720534
y[4] = 0.0: PASS with 
	Mass = 1438.0604845384019
	MaxBreak = 710868.6855209399
y[5] = 0.0: PASS with 
	Mass = 1451.516708641977
	MaxBreak = 751861.4601110927
y[6] = 0.0: PASS with 
	Mass = 1322.6713498389106
	MaxBreak = 805872.8821894648
y[7] = 0.0: PASS with 
	Mass = 1216.4325559187557
	MaxBreak = 747730.9028499526
y[8] = 1.0: FAIL with 
	Mass = 1450.3828814202761
	MaxBreak = 716433.1519648104
y[9] = 0.0: PASS with 
	Mass = 1284.2321631571403
	MaxBreak = 615468.4169437661
